UNKNOWN
version=1
nRows=119
nColumns=3
inDegrees=no
endheader
time	crouch1_gait	knee_angle_r
      0.00000000	      0.00000000	    -59.26000000
      1.00000000	      0.00847457	    -60.43500000
      2.00000000	      0.01694915	    -61.61000000
      3.00000000	      0.02542373	    -62.80500000
      4.00000000	      0.03389830	    -64.00000000
      5.00000000	      0.04237287	    -64.77000000
      6.00000000	      0.05084745	    -65.54000000
      7.00000000	      0.05932203	    -65.90500000
      8.00000000	      0.06779660	    -66.27000000
      9.00000000	      0.07627117	    -66.42000000
     10.00000000	      0.08474575	    -66.57000000
     11.00000000	      0.09322033	    -66.56000000
     12.00000000	      0.10169490	    -66.55000000
     13.00000000	      0.11016948	    -66.39000000
     14.00000000	      0.11864405	    -66.23000000
     15.00000000	      0.12711863	    -65.97500000
     16.00000000	      0.13559320	    -65.72000000
     17.00000000	      0.14406778	    -65.49000000
     18.00000000	      0.15254235	    -65.26000000
     19.00000000	      0.16101693	    -65.15000000
     20.00000000	      0.16949150	    -65.04000000
     21.00000000	      0.17796608	    -65.01500000
     22.00000000	      0.18644065	    -64.99000000
     23.00000000	      0.19491522	    -65.00000000
     24.00000000	      0.20338980	    -65.01000000
     25.00000000	      0.21186437	    -65.04000000
     26.00000000	      0.22033895	    -65.07000000
     27.00000000	      0.22881352	    -65.15000000
     28.00000000	      0.23728810	    -65.23000000
     29.00000000	      0.24576268	    -65.37500000
     30.00000000	      0.25423725	    -65.52000000
     31.00000000	      0.26271183	    -65.68000000
     32.00000000	      0.27118640	    -65.84000000
     33.00000000	      0.27966097	    -65.98500000
     34.00000000	      0.28813555	    -66.13000000
     35.00000000	      0.29661013	    -66.26500000
     36.00000000	      0.30508470	    -66.40000000
     37.00000000	      0.31355928	    -66.52000000
     38.00000000	      0.32203385	    -66.64000000
     39.00000000	      0.33050842	    -66.75000000
     40.00000000	      0.33898300	    -66.86000000
     41.00000000	      0.34745758	    -66.98000000
     42.00000000	      0.35593215	    -67.10000000
     43.00000000	      0.36440672	    -67.29000000
     44.00000000	      0.37288130	    -67.48000000
     45.00000000	      0.38135588	    -67.76000000
     46.00000000	      0.38983045	    -68.04000000
     47.00000000	      0.39830502	    -68.32000000
     48.00000000	      0.40677960	    -68.60000000
     49.00000000	      0.41525418	    -68.67500000
     50.00000000	      0.42372875	    -68.75000000
     51.00000000	      0.43220333	    -68.54500000
     52.00000000	      0.44067790	    -68.34000000
     53.00000000	      0.44915247	    -68.01000000
     54.00000000	      0.45762705	    -67.68000000
     55.00000000	      0.46610163	    -67.44000000
     56.00000000	      0.47457620	    -67.20000000
     57.00000000	      0.48305077	    -67.01000000
     58.00000000	      0.49152535	    -66.82000000
     59.00000000	      0.49999993	    -66.53000000
     60.00000000	      0.50847450	    -66.24000000
     61.00000000	      0.51694907	    -65.87000000
     62.00000000	      0.52542365	    -65.50000000
     63.00000000	      0.53389822	    -65.12000000
     64.00000000	      0.54237280	    -64.74000000
     65.00000000	      0.55084738	    -64.31500000
     66.00000000	      0.55932195	    -63.89000000
     67.00000000	      0.56779652	    -63.41500000
     68.00000000	      0.57627110	    -62.94000000
     69.00000000	      0.58474567	    -62.51000000
     70.00000000	      0.59322025	    -62.08000000
     71.00000000	      0.60169483	    -61.81000000
     72.00000000	      0.61016940	    -61.54000000
     73.00000000	      0.61864398	    -61.46000000
     74.00000000	      0.62711855	    -61.38000000
     75.00000000	      0.63559312	    -61.46500000
     76.00000000	      0.64406770	    -61.55000000
     77.00000000	      0.65254227	    -61.67500000
     78.00000000	      0.66101685	    -61.80000000
     79.00000000	      0.66949143	    -61.79500000
     80.00000000	      0.67796600	    -61.79000000
     81.00000000	      0.68644057	    -61.64000000
     82.00000000	      0.69491515	    -61.49000000
     83.00000000	      0.70338972	    -61.39000000
     84.00000000	      0.71186430	    -61.29000000
     85.00000000	      0.72033888	    -61.46000000
     86.00000000	      0.72881345	    -61.63000000
     87.00000000	      0.73728803	    -62.08000000
     88.00000000	      0.74576260	    -62.53000000
     89.00000000	      0.75423717	    -63.08500000
     90.00000000	      0.76271175	    -63.64000000
     91.00000000	      0.77118632	    -64.20000000
     92.00000000	      0.77966090	    -64.76000000
     93.00000000	      0.78813548	    -65.36000000
     94.00000000	      0.79661005	    -65.96000000
     95.00000000	      0.80508462	    -66.54000000
     96.00000000	      0.81355920	    -67.12000000
     97.00000000	      0.82203377	    -67.40500000
     98.00000000	      0.83050835	    -67.69000000
     99.00000000	      0.83898293	    -67.42000000
    100.00000000	      0.84745750	    -67.15000000
    101.00000000	      0.85593208	    -66.35500000
    102.00000000	      0.86440665	    -65.56000000
    103.00000000	      0.87288122	    -64.53000000
    104.00000000	      0.88135580	    -63.50000000
    105.00000000	      0.88983037	    -62.53000000
    106.00000000	      0.89830495	    -61.56000000
    107.00000000	      0.90677953	    -60.77500000
    108.00000000	      0.91525410	    -59.99000000
    109.00000000	      0.92372867	    -59.39000000
    110.00000000	      0.93220325	    -58.79000000
    111.00000000	      0.94067782	    -58.38000000
    112.00000000	      0.94915240	    -57.97000000
    113.00000000	      0.95762698	    -57.80500000
    114.00000000	      0.96610155	    -57.64000000
    115.00000000	      0.97457613	    -57.90500000
    116.00000000	      0.98305070	    -58.17000000
    117.00000000	      0.99152535	    -59.10500000
    118.00000000	      1.00000000	    -60.04000000
