UNKNOWN
version=1
nRows=119
nColumns=3
inDegrees=no
endheader
time	crouch1_gait	semiten_r
      0.00000000	      0.00000000	      0.47530867
      1.00000000	      0.00847457	      0.47406696
      2.00000000	      0.01694915	      0.47282750
      3.00000000	      0.02542373	      0.47179050
      4.00000000	      0.03389830	      0.47075815
      5.00000000	      0.04237287	      0.47007484
      6.00000000	      0.05084745	      0.46939413
      7.00000000	      0.05932203	      0.46901559
      8.00000000	      0.06779660	      0.46863789
      9.00000000	      0.07627117	      0.46848369
     10.00000000	      0.08474575	      0.46832971
     11.00000000	      0.09322033	      0.46830638
     12.00000000	      0.10169490	      0.46828288
     13.00000000	      0.11016948	      0.46829394
     14.00000000	      0.11864405	      0.46830503
     15.00000000	      0.12711863	      0.46831994
     16.00000000	      0.13559320	      0.46833511
     17.00000000	      0.14406778	      0.46829721
     18.00000000	      0.15254235	      0.46825948
     19.00000000	      0.16101693	      0.46801118
     20.00000000	      0.16949150	      0.46776284
     21.00000000	      0.17796608	      0.46725119
     22.00000000	      0.18644065	      0.46673948
     23.00000000	      0.19491522	      0.46597948
     24.00000000	      0.20338980	      0.46521912
     25.00000000	      0.21186437	      0.46422855
     26.00000000	      0.22033895	      0.46323664
     27.00000000	      0.22881352	      0.46196310
     28.00000000	      0.23728810	      0.46068764
     29.00000000	      0.24576268	      0.45908892
     30.00000000	      0.25423725	      0.45748892
     31.00000000	      0.26271183	      0.45574121
     32.00000000	      0.27118640	      0.45399355
     33.00000000	      0.27966097	      0.45232783
     34.00000000	      0.28813555	      0.45066324
     35.00000000	      0.29661013	      0.44916756
     36.00000000	      0.30508470	      0.44767461
     37.00000000	      0.31355928	      0.44623964
     38.00000000	      0.32203385	      0.44480873
     39.00000000	      0.33050842	      0.44334434
     40.00000000	      0.33898300	      0.44188388
     41.00000000	      0.34745758	      0.44044679
     42.00000000	      0.35593215	      0.43901251
     43.00000000	      0.36440672	      0.43771446
     44.00000000	      0.37288130	      0.43641889
     45.00000000	      0.38135588	      0.43539305
     46.00000000	      0.38983045	      0.43436929
     47.00000000	      0.39830502	      0.43362593
     48.00000000	      0.40677960	      0.43288391
     49.00000000	      0.41525418	      0.43222161
     50.00000000	      0.42372875	      0.43155993
     51.00000000	      0.43220333	      0.43091254
     52.00000000	      0.44067790	      0.43026740
     53.00000000	      0.44915247	      0.42978358
     54.00000000	      0.45762705	      0.42930289
     55.00000000	      0.46610163	      0.42906586
     56.00000000	      0.47457620	      0.42882980
     57.00000000	      0.48305077	      0.42864949
     58.00000000	      0.49152535	      0.42846965
     59.00000000	      0.49999993	      0.42820207
     60.00000000	      0.50847450	      0.42793581
     61.00000000	      0.51694907	      0.42771532
     62.00000000	      0.52542365	      0.42749680
     63.00000000	      0.53389822	      0.42745514
     64.00000000	      0.54237280	      0.42741535
     65.00000000	      0.55084738	      0.42759623
     66.00000000	      0.55932195	      0.42777898
     67.00000000	      0.56779652	      0.42811189
     68.00000000	      0.57627110	      0.42844614
     69.00000000	      0.58474567	      0.42887331
     70.00000000	      0.59322025	      0.42930146
     71.00000000	      0.60169483	      0.42975590
     72.00000000	      0.61016940	      0.43021254
     73.00000000	      0.61864398	      0.43070751
     74.00000000	      0.62711855	      0.43120595
     75.00000000	      0.63559312	      0.43181672
     76.00000000	      0.64406770	      0.43243106
     77.00000000	      0.65254227	      0.43321781
     78.00000000	      0.66101685	      0.43400783
     79.00000000	      0.66949143	      0.43502441
     80.00000000	      0.67796600	      0.43604457
     81.00000000	      0.68644057	      0.43732399
     82.00000000	      0.69491515	      0.43860951
     83.00000000	      0.70338972	      0.44013275
     84.00000000	      0.71186430	      0.44166604
     85.00000000	      0.72033888	      0.44328474
     86.00000000	      0.72881345	      0.44491585
     87.00000000	      0.73728803	      0.44649827
     88.00000000	      0.74576260	      0.44809382
     89.00000000	      0.75423717	      0.44960991
     90.00000000	      0.76271175	      0.45113907
     91.00000000	      0.77118632	      0.45259045
     92.00000000	      0.77966090	      0.45405624
     93.00000000	      0.78813548	      0.45540003
     94.00000000	      0.79661005	      0.45676240
     95.00000000	      0.80508462	      0.45801246
     96.00000000	      0.81355920	      0.45928314
     97.00000000	      0.82203377	      0.46052575
     98.00000000	      0.83050835	      0.46178088
     99.00000000	      0.83898293	      0.46308434
    100.00000000	      0.84745750	      0.46438994
    101.00000000	      0.85593208	      0.46582236
    102.00000000	      0.86440665	      0.46725633
    103.00000000	      0.87288122	      0.46882960
    104.00000000	      0.88135580	      0.47040977
    105.00000000	      0.88983037	      0.47194009
    106.00000000	      0.89830495	      0.47348069
    107.00000000	      0.90677953	      0.47464234
    108.00000000	      0.91525410	      0.47581240
    109.00000000	      0.92372867	      0.47638794
    110.00000000	      0.93220325	      0.47696629
    111.00000000	      0.94067782	      0.47702480
    112.00000000	      0.94915240	      0.47708182
    113.00000000	      0.95762698	      0.47682298
    114.00000000	      0.96610155	      0.47656331
    115.00000000	      0.97457613	      0.47612223
    116.00000000	      0.98305070	      0.47568112
    117.00000000	      0.99152535	      0.47500201
    118.00000000	      1.00000000	      0.47432418
