UNKNOWN
version=1
nRows=51
nColumns=3
inDegrees=no
endheader
time	normal_gait	Normal gait
      0.00000000	      0.00000000	      0.48773909
      1.00000000	      0.02000000	      0.48538869
      2.00000000	      0.04000000	      0.48270437
      3.00000000	      0.06000000	      0.47977210
      4.00000000	      0.08000000	      0.47669737
      5.00000000	      0.10000000	      0.47376029
      6.00000000	      0.12000000	      0.47118123
      7.00000000	      0.14000000	      0.46896335
      8.00000000	      0.16000000	      0.46706026
      9.00000000	      0.18000000	      0.46537708
     10.00000000	      0.20000000	      0.46380812
     11.00000000	      0.22000000	      0.46234762
     12.00000000	      0.24000000	      0.46098807
     13.00000000	      0.26000000	      0.45970333
     14.00000000	      0.28000000	      0.45846753
     15.00000000	      0.30000000	      0.45727047
     16.00000000	      0.32000000	      0.45607057
     17.00000000	      0.34000000	      0.45486666
     18.00000000	      0.36000000	      0.45362539
     19.00000000	      0.38000000	      0.45233266
     20.00000000	      0.40000000	      0.45095114
     21.00000000	      0.42000000	      0.44947179
     22.00000000	      0.44000000	      0.44789551
     23.00000000	      0.46000000	      0.44624705
     24.00000000	      0.48000000	      0.44444371
     25.00000000	      0.50000000	      0.44250953
     26.00000000	      0.52000000	      0.44038599
     27.00000000	      0.54000000	      0.43808888
     28.00000000	      0.56000000	      0.43564524
     29.00000000	      0.58000000	      0.43316806
     30.00000000	      0.60000000	      0.43062085
     31.00000000	      0.62000000	      0.42825241
     32.00000000	      0.64000000	      0.42651950
     33.00000000	      0.66000000	      0.42578650
     34.00000000	      0.68000000	      0.42630375
     35.00000000	      0.70000000	      0.42816236
     36.00000000	      0.72000000	      0.43120672
     37.00000000	      0.74000000	      0.43515011
     38.00000000	      0.76000000	      0.43985080
     39.00000000	      0.78000000	      0.44524526
     40.00000000	      0.80000000	      0.45118132
     41.00000000	      0.82000000	      0.45747492
     42.00000000	      0.84000000	      0.46395200
     43.00000000	      0.86000000	      0.47029625
     44.00000000	      0.88000000	      0.47615720
     45.00000000	      0.90000000	      0.48118638
     46.00000000	      0.92000000	      0.48525578
     47.00000000	      0.94000000	      0.48792676
     48.00000000	      0.96000000	      0.48913962
     49.00000000	      0.98000000	      0.48900544
     50.00000000	      1.00000000	      0.48766812
