UNKNOWN
version=1
nRows=51
nColumns=3
inDegrees=no
endheader
time	normal_gait	knee_angle_r
      0.00000000	      0.00000000	     -3.94000000
      1.00000000	      0.02000000	     -6.66000000
      2.00000000	      0.04000000	     -9.45000000
      3.00000000	      0.06000000	    -12.26000000
      4.00000000	      0.08000000	    -14.76000000
      5.00000000	      0.10000000	    -16.37000000
      6.00000000	      0.12000000	    -17.04000000
      7.00000000	      0.14000000	    -16.93000000
      8.00000000	      0.16000000	    -16.24000000
      9.00000000	      0.18000000	    -15.15000000
     10.00000000	      0.20000000	    -13.87000000
     11.00000000	      0.22000000	    -12.46000000
     12.00000000	      0.24000000	    -10.95000000
     13.00000000	      0.26000000	     -9.42000000
     14.00000000	      0.28000000	     -7.96000000
     15.00000000	      0.30000000	     -6.59000000
     16.00000000	      0.32000000	     -5.37000000
     17.00000000	      0.34000000	     -4.29000000
     18.00000000	      0.36000000	     -3.40000000
     19.00000000	      0.38000000	     -2.72000000
     20.00000000	      0.40000000	     -2.37000000
     21.00000000	      0.42000000	     -2.44000000
     22.00000000	      0.44000000	     -3.00000000
     23.00000000	      0.46000000	     -4.08000000
     24.00000000	      0.48000000	     -5.83000000
     25.00000000	      0.50000000	     -8.20000000
     26.00000000	      0.52000000	    -11.29000000
     27.00000000	      0.54000000	    -15.19000000
     28.00000000	      0.56000000	    -20.17000000
     29.00000000	      0.58000000	    -26.06000000
     30.00000000	      0.60000000	    -32.67000000
     31.00000000	      0.62000000	    -39.60000000
     32.00000000	      0.64000000	    -46.16000000
     33.00000000	      0.66000000	    -51.68000000
     34.00000000	      0.68000000	    -55.66000000
     35.00000000	      0.70000000	    -57.83000000
     36.00000000	      0.72000000	    -58.25000000
     37.00000000	      0.74000000	    -57.28000000
     38.00000000	      0.76000000	    -55.06000000
     39.00000000	      0.78000000	    -51.58000000
     40.00000000	      0.80000000	    -46.99000000
     41.00000000	      0.82000000	    -41.48000000
     42.00000000	      0.84000000	    -35.19000000
     43.00000000	      0.86000000	    -28.31000000
     44.00000000	      0.88000000	    -21.23000000
     45.00000000	      0.90000000	    -14.44000000
     46.00000000	      0.92000000	     -8.48000000
     47.00000000	      0.94000000	     -4.30000000
     48.00000000	      0.96000000	     -2.27000000
     49.00000000	      0.98000000	     -2.35000000
     50.00000000	      1.00000000	     -4.14000000
